0,0.5
0.01,0.513147249880476
0.02,0.526142073419244
0.03,0.53898965239688
0.04,0.551694881489033
0.05,0.564262390055349
0.06,0.576696561847344
0.07,0.589001552873109
0.08,0.601181307625272
0.09,0.613239573851832
0.1,0.625179916026672
0.11,0.637005727656961
0.12,0.648720242547915
0.13,0.660326545130857
0.14,0.671827579948066
0.15,0.683226160377056
0.16,0.694524976667524
0.17,0.705726603356008
0.18,0.716833506116172
0.19,0.727848048096321
0.2,0.738772495790314
0.21,0.749609024483183
0.22,0.760359723308516
0.23,0.7710265999509
0.24,0.781611585023425
0.25,0.792116536147245
0.26,0.802543241757649
0.27,0.812893424658693
0.28,0.823168745346415
0.29,0.833370805118785
0.3,0.843501148988882
0.31,0.853561268416299
0.32,0.863552603870452
0.33,0.873476547238278
0.34,0.883334444087689
0.35,0.893127595797231
0.36,0.902857261561477
0.37,0.912524660280902
0.38,0.922130972344273
0.39,0.931677341310938
0.4,0.941164875499786
0.41,0.950594649491146
0.42,0.959967705547372
0.43,0.969285054957443
0.44,0.978547679310473
0.45,0.987756531702682
0.46,0.996912537882028
0.47,1.00601659733439
0.48,1.01506958431488
0.49,1.02407234882773
0.5,1.03302571755769
0.51,1.04193049475602
0.52,1.05078746308361
0.53,1.05959738441382
0.54,1.06836100059732
0.55,1.07707903419115
0.56,1.08575218915396
0.57,1.09438115150943
0.58,1.1029665899795
0.59,1.11150915658918
0.6,1.12000948724447
0.61,1.12846820228472
0.62,1.13688590701103
0.63,1.14526319219167
0.64,1.15360063454597
0.65,1.16189879720764
0.66,1.1701582301686
0.67,1.17837947070447
0.68,1.1865630437823
0.69,1.19470946245187
0.7,1.20281922822096
0.71,1.21089283141567
0.72,1.21893075152635
0.73,1.22693345753993
0.74,1.23490140825921
0.75,1.24283505260984
0.76,1.25073482993545
0.77,1.25860117028156
0.78,1.26643449466878
0.79,1.27423521535574
0.8,1.28200373609229
0.81,1.28974045236333
0.82,1.29744575162377
0.83,1.30512001352495
0.84,1.31276361013291
0.85,1.32037690613889
0.86,1.32796025906236
0.87,1.33551401944693
0.88,1.34303853104947
0.89,1.35053413102257
0.9,1.35800115009092
0.91,1.36543991272151
0.92,1.37285073728816
0.93,1.38023393623057
0.94,1.38758981620794
0.95,1.39491867824768
0.96,1.4022208178891
0.97,1.40949652532248
0.98,1.41674608552366
0.99,1.42396977838425
1,1.43116787883775
1.01,1.43834065698164
1.02,1.44548837819561
1.03,1.45261130325618
1.04,1.45970968844766
1.05,1.4667837856698
1.06,1.47383384254203
1.07,1.48086010250466
1.08,1.48786280491694
1.09,1.49484218515218
1.1,1.50179847469009
1.11,1.50873190120635
1.12,1.51564268865958
1.13,1.5225310573757
1.14,1.52939722412994
1.15,1.53624140222641
1.16,1.54306380157543
1.17,1.54986462876865
1.18,1.55664408715203
1.19,1.56340237689681
1.2,1.57013969506843
1.21,1.57685623569362
1.22,1.58355218982558
1.23,1.59022774560737
1.24,1.59688308833365
1.25,1.6035184005106
1.26,1.61013386191441
1.27,1.61672964964807
1.28,1.62330593819666
1.29,1.62986289948126
1.3,1.63640070291139
1.31,1.64291951543601
1.32,1.64941950159335
1.33,1.65590082355931
1.34,1.66236364119471
1.35,1.66880811209126
1.36,1.6752343916164
1.37,1.68164263295705
1.38,1.68803298716215
1.39,1.69440560318427
1.4,1.70076062792004
1.41,1.70709820624973
1.42,1.71341848107577
1.43,1.71972159336032
1.44,1.72600768216196
1.45,1.73227688467151
1.46,1.73852933624695
1.47,1.7447651704475
1.48,1.75098451906696
1.49,1.75718751216612
1.5,1.76337427810461
1.51,1.76954494357178
1.52,1.77569963361704
1.53,1.78183847167942
1.54,1.78796157961642
1.55,1.79406907773226
1.56,1.80016108480546
1.57,1.80623771811578
1.58,1.81229909347058
1.59,1.81834532523053
1.6,1.82437652633486
1.61,1.83039280832589
1.62,1.83639428137314
1.63,1.84238105429689
1.64,1.84835323459114
1.65,1.85431092844621
1.66,1.8602542407707
1.67,1.86618327521305
1.68,1.8720981341827
1.69,1.87799891887063
1.7,1.88388572926964
1.71,1.88975866419407
1.72,1.89561782129916
1.73,1.90146329710003
1.74,1.90729518699019
1.75,1.9131135852597
1.76,1.918918585113
1.77,1.9247102786863
1.78,1.93048875706462
1.79,1.93625411029857
1.8,1.94200642742065
1.81,1.94774579646133
1.82,1.95347230446478
1.83,1.95918603750423
1.84,1.96488708069709
1.85,1.97057551821977
1.86,1.97625143332213
1.87,1.98191490834171
1.88,1.98756602471771
1.89,1.99320486300458
1.9,1.99883150288547
1.91,2.00444602318537
1.92,2.01004850188395
1.93,2.01563901612823
1.94,2.02121764224499
1.95,2.02678445575286
1.96,2.03233953137434
1.97,2.03788294304743
1.98,2.04341476393715
1.99,2.04893506644677
2,2.05444392222893
2.01,2.05994140219642
2.02,2.06542757653287
2.03,2.07090251470319
2.04,2.07636628546387
2.05,2.08181895687298
2.06,2.08726059630012
2.07,2.09269127043612
2.08,2.09811104530256
2.09,2.10351998626116
2.1,2.10891815802295
2.11,2.11430562465732
2.12,2.11968244960087
2.13,2.12504869566617
2.14,2.13040442505027
2.15,2.13574969934314
2.16,2.14108457953593
2.17,2.14640912602909
2.18,2.15172339864033
2.19,2.15702745661249
2.2,2.16232135862121
2.21,2.16760516278257
2.22,2.17287892666042
2.23,2.17814270727383
2.24,2.18339656110418
2.25,2.18864054410226
2.26,2.19387471169527
2.27,2.19909911879357
2.28,2.20431381979747
2.29,2.20951886860382
2.3,2.21471431861248
2.31,2.21990022273275
2.32,2.22507663338966
2.33,2.2302436025301
2.34,2.23540118162896
2.35,2.24054942169508
2.36,2.24568837327715
2.37,2.25081808646951
2.38,2.2559386109178
2.39,2.26104999582465
2.4,2.26615228995509
2.41,2.27124554164209
2.42,2.27632979879179
2.43,2.28140510888885
2.44,2.28647151900159
2.45,2.5
2.46,2.5
2.47,2.5
2.48,2.5
2.49,2.5
2.5,2.5
2.51,2.5
2.52,2.5
2.53,2.5
2.54,2.5
2.55,2.5
2.56,2.72208986072439
2.57,2.72712107967525
2.58,2.7321610956275
2.59,2.73720995488738
2.6,2.74226770416879
2.61,2.74733439059836
2.62,2.75241006172057
2.63,2.75749476550295
2.64,2.76258855034138
2.65,2.76769146506543
2.66,2.77280355894388
2.67,2.77792488169021
2.68,2.78305548346827
2.69,2.78819541489803
2.7,2.79334472706135
2.71,2.79850347150798
2.72,2.80367170026151
2.73,2.80884946582553
2.74,2.81403682118986
2.75,2.81923381983683
2.76,2.82444051574777
2.77,2.82965696340951
2.78,2.83488321782108
2.79,2.8401193345004
2.8,2.84536536949124
2.81,2.85062137937016
2.82,2.85588742125367
2.83,2.86116355280546
2.84,2.86644983224374
2.85,2.87174631834877
2.86,2.87705307047047
2.87,2.88237014853617
2.88,2.88769761305854
2.89,2.89303552514358
2.9,2.89838394649883
2.91,2.90374293944168
2.92,2.90911256690785
2.93,2.91449289245999
2.94,2.91988398029649
2.95,2.9252858952604
2.96,2.93069870284853
2.97,2.93612246922073
2.98,2.94155726120928
2.99,2.94700314632857
3,2.95246019278482
3.01,2.95792846948609
3.02,2.9634080460524
3.03,2.96889899282609
3.04,2.97440138088236
3.05,2.97991528203999
3.06,2.98544076887228
3.07,2.99097791471819
3.08,2.99652679369374
3.09,3.0020874807035
3.1,3.00766005145247
3.11,3.01324458245805
3.12,3.01884115106235
3.13,3.02444983544463
3.14,3.03007071463407
3.15,3.03570386852278
3.16,3.04134937787901
3.17,3.04700732436069
3.18,3.05267779052921
3.19,3.05836085986346
3.2,3.06405661677417
3.21,3.06976514661856
3.22,3.07548653571524
3.23,3.08122087135945
3.24,3.08696824183859
3.25,3.09272873644811
3.26,3.09850244550765
3.27,3.10428946037759
3.28,3.11008987347593
3.29,3.11590377829549
3.3,3.12173126942147
3.31,3.12757244254947
3.32,3.13342739450376
3.33,3.13929622325603
3.34,3.14517902794452
3.35,3.15107590889356
3.36,3.15698696763353
3.37,3.16291230692126
3.38,3.16885203076086
3.39,3.17480624442502
3.4,3.1807750544768
3.41,3.18675856879185
3.42,3.19275689658119
3.43,3.19877014841444
3.44,3.20479843624363
3.45,3.21084187342748
3.46,3.21690057475629
3.47,3.22297465647742
3.48,3.22906423632122
3.49,3.23516943352776
3.5,3.24129036887397
3.51,3.24742716470162
3.52,3.25357994494576
3.53,3.25974883516398
3.54,3.26593396256628
3.55,3.27213545604569
3.56,3.2783534462096
3.57,3.28458806541185
3.58,3.29083944778562
3.59,3.29710772927708
3.6,3.3033930476799
3.61,3.30969554267056
3.62,3.31601535584463
3.63,3.32235263075383
3.64,3.32870751294406
3.65,3.33508014999449
3.66,3.34147069155746
3.67,3.34787928939951
3.68,3.35430609744347
3.69,3.36075127181154
3.7,3.36721497086959
3.71,3.37369735527251
3.72,3.38019858801085
3.73,3.38671883445861
3.74,3.39325826242234
3.75,3.3998170421915
3.76,3.40639534659024
3.77,3.41299335103051
3.78,3.41961123356662
3.79,3.42624917495134
3.8,3.43290735869349
3.81,3.43958597111713
3.82,3.4462852014224
3.83,3.45300524174803
3.84,3.45974628723572
3.85,3.46650853609616
3.86,3.4732921896771
3.87,3.48009745253327
3.88,3.48692453249838
3.89,3.49377364075913
3.9,3.50064499193149
3.91,3.50753880413915
3.92,3.51445529909428
3.93,3.52139470218079
3.94,3.52835724253995
3.95,3.53534315315875
3.96,3.54235267096084
3.97,3.54938603690026
3.98,3.55644349605812
3.99,3.56352529774225
4,3.57063169558994
4.01,3.57776294767395
4.02,3.58491931661185
4.03,3.5921010696789
4.04,3.59930847892449
4.05,3.60654182129241
4.06,3.61380137874502
4.07,3.62108743839148
4.08,3.62840029262028
4.09,3.63574023923611
4.1,3.6431075816014
4.11,3.65050262878264
4.12,3.65792569570162
4.13,3.66537710329196
4.14,3.67285717866099
4.15,3.68036625525734
4.16,3.68790467304436
4.17,3.69547277867974
4.18,3.70307092570153
4.19,3.71069947472081
4.2,3.71835879362146
4.21,3.72604925776713
4.22,3.73377125021593
4.23,3.74152516194307
4.24,3.74931139207181
4.25,3.75713034811327
4.26,3.76498244621526
4.27,3.77286811142074
4.28,3.7807877779363
4.29,3.7887418894112
4.3,3.79673089922732
4.31,3.80475527080076
4.32,3.81281547789554
4.33,3.82091200494998
4.34,3.82904534741646
4.35,3.83721601211528
4.36,3.84542451760313
4.37,3.8536713945572
4.38,3.86195718617554
4.39,3.87028244859455
4.4,3.87864775132463
4.41,3.88705367770478
4.42,3.89550082537737
4.43,3.90398980678394
4.44,3.91252124968346
4.45,3.92109579769403
4.46,3.92971411085955
4.47,3.9383768662427
4.48,3.94708475854562
4.49,3.95583850076015
4.5,3.96463882484911
4.51,3.97348648246057
4.52,3.98238224567715
4.53,3.99132690780229
4.54,4.00032128418595
4.55,4.00936621309196
4.56,4.01846255660991
4.57,4.02761120161404
4.58,4.0368130607725
4.59,4.04606907360999
4.6,4.05538020762732
4.61,4.0647474594818
4.62,4.07417185623236
4.63,4.08365445665394
4.64,4.0931963526258
4.65,4.10279867059902
4.66,4.11246257314865
4.67,4.12218926061667
4.68,4.13197997285227
4.69,4.14183599105663
4.7,4.15175863973992
4.71,4.16174928879902
4.72,4.17180935572522
4.73,4.18194030795191
4.74,4.19214366535325
4.75,4.20242100290601
4.76,4.21277395352759
4.77,4.2232042111048
4.78,4.23371353372936
4.79,4.24430374715751
4.8,4.254976748513
4.81,4.26573451025496
4.82,4.27657908443372
4.83,4.2875126072611
4.84,4.29853730402354
4.85,4.30965549437041
4.86,4.32086959801286
4.87,4.33218214087303
4.88,4.3435957617278
4.89,4.35511321939664
4.9,4.36673740052891
4.91,4.3784713280531
4.92,4.3903181703578
4.93,4.40228125128371
4.94,4.4143640610157
4.95,4.42657026797629
4.96,4.43890373183529
4.97,4.45136851776639
4.98,4.46396891210003
4.99,4.47670943954328
5,4.48959488216299
