-22.8011870118526
-22.695281906474
-22.873301717088
-22.914191421485
-22.5619321269212
-21.7067816135287
-21.3479162810165
-20.901786335451
-20.4461819461928
-20.1416940427826
-19.6931947609107
-19.5252355104314
-19.2839835187118
-18.9759809892293
-18.6325478455077
-18.3016034585791
-17.8890836015242
-17.4181829825978
-16.965902959546
-16.2380329775785
-15.3552699136733
-15.4733222200299
-14.9286567335342
-14.4896082683135
-14.0507256068935
-13.395367430261
-13.0468076330028
-12.5797142838489
-12.053819445675
-11.3521029407736
-10.7432713832693
-9.93680169489152
-9.286783229668
-8.6508319734395
-7.84303129505337
-7.34385739745825
-6.6382606691055
-5.84539932769675
-5.00015932201521
-4.32633018742575
-3.69445438863317
-3.51903396710773
-3.4189444300475
-3.36317839410823
-3.24508007719425
-2.9783477718414
-2.797454166842
-2.6696210942586
-2.58522695951471
-2.37525965799725
-2.09196065134738
-2.00808340996025
-1.98979939579725
-1.895387395394
-1.81128093024775
-1.686450979013
-1.58841450751446
-1.43769885234439
-1.33888849160825
-1.2517900968745
-1.09870303284625
-1.03188327199975
-0.983513743625
-0.87015285582175
-0.76543532016175
-0.669861449622194
-0.020076353259601
-0.555788434487032
-0.00399338455536159
0.02559761981925
0.0108041901785
0.00398923944625001
-0.00615007749899999
-0.0129467898114713
-0.00233534654239401
-0.00781226060325
-0.016788049375
-0.014273220219202
-0.0182525114468828
-0.021608380379
0.00498654930975
0.00216083803250001
-0.0116203594034913
-0.00167213133940149
-0.0126325916095
0.001312337078803
-0.022397606474813
-0.0111229479997506
-0.01479342964575
-0.019447542343
