-0.01961376065225
-0.015624521202
-0.01795157754825
-8.49999515217803e-12
-0.014959647957
-0.0117861632062344
-0.0174234924426434
-0.000664873249749994
-0.0200763532591022
-0.0179515775475
-0.01145455560399
-0.00316436555112219
-0.01429477471525
-0.0268743090987531
-0.023935436729
-0.01712048599475
-0.016954267684
-0.01579073950975
-0.01911510572275
-0.00581722636708229
-0.0034905845285
-0.0127809860099751
-0.012965028232
-0.0107913403990025
0.7208888129305
0.81845896122825
0.894497413415212
0.96124048999875
1.097539504663
1.20740980795225
1.31545170981725
1.43833388090599
1.56162102778
1.73216101441775
1.79632128229825
1.8763875233192
1.969853198523
2.14471486123725
2.30515615286559
2.48080828521
2.61172738104239
2.79246761752275
2.9517047590415
3.14213374063816
3.24659013530524
3.21293196369302
3.38619693580748
3.58482988948554
3.869894706615
3.98275693948175
4.73385023085536
5.36672333951496
6.17866455332319
6.84801449822519
7.6658222650275
8.204369591267
9.1323664191585
10.0013557468022
10.6954834117297
11.3060032664395
11.8652375184207
12.5049085829284
12.9386513265102
13.5862809734696
13.9531960805227
14.4669768784933
14.8728819928865
15.3580732414365
15.8756998585591
16.3402821091426
16.6583990849937
17.1326199250448
17.5370539452222
18.0170675555685
18.3952544195354
18.8238912350572
19.1202584828053
19.375403589522
19.795935915248
20.1267103532795
20.31387217098
20.6232044469395
21.030273089519
21.3681949149085
21.8527212902022
22.4459544406228
23.0270536543562
23.066946048896
23.0463826469776
23.001954689461
