-22.7833224813047
-22.7980790195968
-22.7610750248085
-22.8372087166511
-22.4686268668895
-21.8709041640511
-21.5335821339212
-21.2498474777867
-21.0113772593367
-20.7202759403203
-20.4234100376533
-20.2535349242503
-19.8953518743718
-19.6080138871267
-19.5502652522358
-19.1044677432887
-18.8656120310085
-18.5180495436153
-18.1968577362663
-17.7261855120782
-17.38955902889
-16.876643726773
-16.4913998385294
-16.049366904885
-15.487723523671
-14.9624736622788
-14.4445374065572
-13.8380067913015
-13.1439868988439
-12.4467595318555
-11.756621106387
-11.466902591066
-10.798028917589
-10.0165956031721
-9.03812063707175
-8.23462132378375
-7.5963575190414
-6.81312233181875
-5.98690002211272
-5.21077242933292
-4.35273775882943
-4.26150504630975
-4.08049330610325
-4.027137228412
-3.8659054671615
-3.730437544052
-3.53084831695387
-3.20753090487357
-3.2058525558985
-2.92533283546559
-2.77627521831122
-2.6624848986625
-2.429779263864
-2.30278847459375
-2.150200065487
-1.997777874702
-1.82624057820125
-1.70323902838625
-1.5779104222155
-1.43558568290823
-1.29846593942643
-1.20992670965761
-1.07859061726875
-0.979791033784788
-0.858091043807731
-0.74100122851675
-0.58109921374925
-0.00548520424525
-0.00436727211820449
0.0104717535685
0.000166218314
0.00313133850124069
-0.0167880493635
-0.00432167607025
-0.00270923410448878
0.00382302114675
0.0117156965870324
0.000664873245000001
-0.00337244930773067
-0.000553784691770577
0.00498654931975
-0.004155457757
-0.00631629579625
-0.0038230211355
0.00607836734987531
-0.00232705634075
0.0143685574052369
0.00176746852169576
-0.001495964788
-0.0166367533942643
