0.00259648753266833
-0.00349058451600001
-0.01313124652825
-0.000332436615999997
0.0120473041895262
-0.00232705634375
-0.0118284431623441
0.00598385918524999
0.00182840142225001
-0.00398923944825
0.00332436621625
0.00209907612643391
0.00315814790625
-0.00199461972325001
-0.0038230211375
-0.012798809907
-0.01745292260725
-0.00668852533167081
-0.00702013293017454
-0.01630514579202
0.000332436624749999
-0.003656802829
-0.00884397474688278
0.705596728356
0.870745189899751
0.949004584001995
1.04784022980925
1.10602078360349
1.21671803334275
1.352352174763
1.530205767073
1.58056991517925
1.74419961390449
1.90702267713025
1.98776539766259
2.241786354615
2.39071796088675
2.56625485958404
2.75477378138928
2.929431505425
3.04260918002918
3.20286062631
3.31519062898703
3.45711868270249
3.656304177542
3.79535843686808
3.90628117977706
4.0665309680155
4.33007569530224
4.476092885258
5.20645614188425
6.16171028565062
6.95591049274339
7.77713671942419
8.60217643351896
9.38294653272768
10.1531051886666
11.0716354485353
11.8680139030671
12.3858191737995
13.111300337503
13.796784650279
14.4217240470628
14.9101820449898
15.4107437204115
15.9618755551441
16.4632587883942
16.8679933279568
17.2906272168716
17.7041418967262
18.1872941730212
18.5205598131626
18.8757513479497
19.2027027648372
19.5671134054828
19.7730417264035
19.94237424686
20.274644649681
20.4956146914434
20.7468708700032
21.1382702243593
21.3773369219848
21.5781286411515
21.7895475549404
22.0797042067985
22.537540729738
22.9909618974554
23.0054452739923
22.9512581047438
22.9481845167833
