-0.187660
-0.161398
-0.093248
-0.070310
2.721991
0.522757
0.684653
0.532231
0.046874
0.005651
-0.017952
-0.057512
0.073468
0.273429
0.187494
0.210599
-0.289054
-0.293375
-0.294705
-0.297531
-0.293874
0.242679
0.377482
0.429342
0.552011
0.638445
0.769092
0.858850
1.018918
1.127293
1.249629
1.354347
1.518737
1.735652
1.790836
1.889404
1.962373
2.070581
2.221508
2.343844
2.502749
2.630571
2.779835
2.924611
3.044122
3.178427
3.320377
3.453518
3.585163
3.808560
4.338630
5.133819
5.798858
6.490493
7.140739
7.785998
8.454694
9.370391
10.187188
10.867852
11.533722
12.291844
12.883415
13.355309
13.876403
14.367080
15.053063
15.464619
16.037906
16.386300
16.893764
17.367486
17.575924
17.948752
18.279859
18.592515
18.921628
19.088012
18.887387
18.846829
19.997891
20.468954
20.910263
20.935030
21.731881
22.258128
22.647245
22.821940
22.865988
22.515932
