-0.183173
-0.096407
-0.088428
0.097071
0.643099
0.571126
1.358170
0.125162
-0.008810
-0.027592
-0.036900
0.278914
0.091420
0.212593
0.203285
-0.084771
-0.299359
-0.295702
-0.287059
-0.289054
-0.827102
-0.998972
-1.085406
-1.168349
-1.228686
-1.281543
-1.382604
-1.452083
-1.567605
-1.694097
-1.794825
-1.980824
-2.099171
-2.311432
-2.431774
-2.527183
-2.707862
-2.840505
-2.924445
-3.037473
-3.136207
-3.280651
-3.460665
-3.619237
-3.733097
-3.856597
-3.980264
-4.012178
-4.212304
-4.331649
-5.026109
-5.710596
-6.354027
-6.927813
-7.670809
-8.396019
-9.065214
-9.860403
-10.619189
-11.381799
-12.251619
-12.908846
-13.491109
-13.868757
-14.424757
-15.141491
-15.547063
-16.083949
-16.395275
-16.808660
-17.265428
-17.568943
-18.096686
-18.429289
-18.645539
-19.022855
-19.272348
-19.652656
-19.934562
-20.428895
-20.771139
-21.019303
-21.376007
-21.884635
-22.429831
-23.127450
-23.533188
-23.456396
-23.523382
-20.615725
