2.510000
2.520000
2.530000
2.540000
2.550000
2.560000
2.570000
2.580000
2.590000
2.600000
2.610000
2.620000
2.630000
2.640000
2.650000
2.660000
2.670000
2.680000
2.690000
2.700000
2.710000
2.720000
2.730000
2.740000
2.750000
2.760000
2.770000
2.780000
2.790000
2.800000
2.810000
2.820000
2.830000
2.840000
2.850000
2.860000
2.870000
2.880000
2.890000
2.900000
2.910000
2.920000
2.930000
2.940000
2.950000
2.960000
2.970000
2.980000
2.990000
3.000000
3.050000
3.100000
3.150000
3.200000
3.250000
3.300000
3.350000
3.400000
3.450000
3.500000
3.550000
3.600000
3.650000
3.700000
3.750000
3.800000
3.850000
3.900000
3.950000
4.000000
4.050000
4.100000
4.150000
4.200000
4.250000
4.300000
4.350000
4.400000
4.450000
4.500000
4.550000
4.600000
4.650000
4.700000
4.750000
4.800000
4.850000
4.900000
4.950000
5.000000
