2.490000
2.480000
2.470000
2.460000
2.450000
2.440000
2.430000
2.420000
2.410000
2.400000
2.390000
2.380000
2.370000
2.360000
2.350000
2.340000
2.330000
2.320000
2.310000
2.300000
2.290000
2.280000
2.270000
2.260000
2.250000
2.240000
2.230000
2.220000
2.210000
2.200000
2.190000
2.180000
2.170000
2.160000
2.150000
2.140000
2.130000
2.120000
2.110000
2.100000
2.090000
2.080000
2.070000
2.060000
2.050000
2.040000
2.030000
2.020000
2.010000
2.000000
1.950000
1.900000
1.850000
1.800000
1.750000
1.700000
1.650000
1.600000
1.550000
1.500000
1.450000
1.400000
1.350000
1.300000
1.250000
1.200000
1.150000
1.100000
1.050000
1.000000
0.950000
0.900000
0.850000
0.800000
0.750000
0.700000
0.650000
0.600000
0.550000
0.500000
0.450000
0.400000
0.350000
0.300000
0.250000
0.200000
0.150000
0.100000
0.050000
0.000000
