-22.9820043471042
-23.0559756404012
-23.0626243728252
-23.0039493091938
-22.6585476598398
-21.9760726860436
-21.6491038597645
-21.2887425624545
-20.7892565391985
-20.4963798759843
-19.898160176253
-19.6717314588628
-19.2515846269683
-18.9405764890805
-18.5478026212043
-18.4076432795439
-18.0277867713015
-17.4667067085032
-17.2130268928736
-16.6547422821615
-16.2064320166162
-15.644357131014
-15.4228432527893
-14.8884576019636
-14.4069720683695
-13.707857854124
-13.336534023997
-12.7199096878424
-12.2407367027636
-11.5720499730761
-10.9721718208302
-10.1791322403384
-9.63816873821125
-9.0705332076235
-8.30156999708529
-7.60232687039475
-6.91229994797855
-6.113841899265
-5.3628675721205
-4.61538382950525
-3.97094051710249
-3.88853602797082
-3.71377882164988
-3.60600635095636
-3.48911467120474
-3.34619179468853
-3.16080739373925
-2.94096730489302
-2.80892323027375
-2.66747144797925
-2.59609539867581
-2.47704826950723
-2.38187688769401
-2.239957953197
-2.1364039457125
-1.99671465783192
-1.92956411840075
-1.80596194431075
-1.66311741009102
-1.4956323584755
-1.31927473096725
-1.20591384315925
-1.074435159504
-0.945518559083541
-0.823818569106484
-0.744564352199501
-0.678077027969576
-0.567817500256609
-0.36767490297175
0.0131590186648379
-0.00375296904089775
0.0136564300665835
-0.002991929594
0.00934553124014963
0.008310915525
0.00531898593325
0.00304498680199502
0.004487894381
0.005318985936
0.0094744436995
0.00752168943316708
0.0104717535625
0.0116352817335
0.01030553525025
0.01678804936125
0.014485449074813
-0.000271089220698259
0.0173041136932668
0.02194081698875
0.00415545776025
