0.0115009806548628
0.012495803461596
0.0194595631067332
0.01030553525
0.02509896488925
-0.00182840141949999
0.00947444369724999
0.0037082020042394
0.00171855639426434
0.00520043621745637
0.00901392363990026
0.00465411269225
0.0202885821129676
0.00934553124264339
0.0173041136932668
-0.00126591202593515
0.00498654931375001
0.02327056347275
0.00652686662568579
0.00370820200798006
0.349906538625686
0.117283805732918
0.5694639320005
0.68715146999576
0.81546703163775
0.894074613719452
1.04817266642475
1.12752636561446
1.26414869768828
1.3990595200325
1.52787871073225
1.68081364977855
1.81246186781845
1.93262029695875
2.00592257191875
2.14937519158229
2.2820182324419
2.4071735736345
2.546464517888
2.64479694916583
2.79861769501275
2.92261655469625
3.04362348478775
3.1880671966765
3.343148880434
3.47153489613242
3.56571519828375
3.71191021281122
3.954167390068
4.08016045496908
4.74270705539725
5.458775537329
6.22881191296583
6.99349904346683
7.79381036416325
8.56067657112543
9.33713577151246
10.0075058242938
10.675338249897
11.4615798745461
11.9574990435207
12.5495844171242
13.0594311053943
13.4887821208035
14.1522439582127
14.6250504918327
15.138831289795
15.5289129184471
15.9812256877451
16.4257456783995
16.9968195653053
17.4766101695466
17.8350585054935
18.1656667252165
18.4645272476177
18.8317246356387
19.1141084053115
19.4362394911867
19.7988582072426
20.123552205375
20.5163260732458
20.9836921696444
21.3526056270182
21.699468007862
22.0756200446747
22.5865751313567
23.1209669998278
23.1187477159529
23.1600283028108
23.1469343621334
