-25.6820587290453
-25.6546327077988
-25.673747813514
-25.7192344283
-25.3068803750494
-24.7455847673158
-24.2268344149229
-23.8960429820083
-23.528201860722
-23.3435333176813
-23.0010469136554
-22.7468095827467
-22.373317038898
-22.0455345304645
-21.5771313312895
-21.2746977369766
-20.7956905556977
-20.1762434098312
-20.002711493599
-19.6362001187955
-19.129234271571
-18.7630553333863
-18.2789958984531
-17.8104581955302
-17.0317254105303
-16.6583990849905
-15.8137837451244
-15.059212719033
-14.3699053851152
-14.1784608552349
-13.2096692456185
-12.2627558620637
-11.4162060063427
-10.5825080177544
-9.9752594720385
-9.263180229574
-8.5038257638207
-7.69524290599575
-6.87911100111275
-6.10066547119426
-5.29552221323042
-5.12849975422825
-4.9262771482611
-4.75732307497531
-4.64673193966808
-4.473100955663
-4.32450178602125
-4.05530978127681
-3.94369563651
-3.758528438535
-3.61360845523417
-3.48726595882095
-3.36656079165237
-3.27089199843766
-3.05717089886459
-2.914139420858
-2.80543264574425
-2.62044368685561
-2.48829805741122
-2.34835964931671
-2.20013105116808
-2.08404517789
-1.92871022882593
-1.75063694647656
-1.58838217577675
-1.472915579699
-1.31291491167406
-1.1848041177275
-1.08078959018753
-0.8960829122715
-0.740394386594514
-0.57843972077275
-0.463833646424189
-0.226402603291272
0.00565142257524999
-0.00439131365261847
-0.00315814788425001
-0.00488872505885288
-0.0108576618977556
-0.0174898139366584
0.000914407977306721
-0.011852484701995
-0.000498654915750006
-0.00754158587581049
-0.000332436605250013
-0.00837060487980051
-0.0077073896735661
0.0139623381055
-0.0082048010778055
-0.0232929469743142
