0
0.00290405359301744
-0.00432167605900001
0.00870718662867829
-0.00747982395775001
-0.010194446690025
-0.00421738221250001
-0.00648251409300001
-0.0196452633528678
0.00306985739276806
0.00149596481249998
-0.020444852183
-0.0203084785551122
-0.01047175355
-0.00814469720250001
-0.00415545774775002
-0.0125156999064838
-0.00764604227050001
0.495838754137656
0.642433770338
0.78804101039975
0.92633464479925
1.102526053997
1.23899128697125
1.3581698156455
1.50674452922768
1.67072448847805
1.802803796406
1.98044598887382
2.11872635896185
2.28583420692025
2.461028306251
2.57037591305062
2.7342912088215
2.88092643244863
3.04026388527631
3.14704153315661
3.22945555600225
3.422933669497
3.61427664455013
3.70766563549925
3.859589171364
3.9886616273596
4.13717375001275
4.28510804641075
4.425230082219
4.5643548081605
4.73875802337033
4.94881776051
5.191330275623
5.91911528314938
6.72293211069726
7.51315302656783
8.28847605641075
9.0673750597315
9.7452037964995
10.4079257344425
11.3510484285963
12.1380921291395
13.0765337674795
13.8742158543975
14.4254223008397
15.1956779520058
15.8754677332379
16.6119682175611
17.1072241713486
17.7749160782254
18.3350013182195
18.788154298283
19.1843031374712
19.7434109291115
20.0203969560431
20.3619092627323
20.83912203237
21.4356982019249
21.7326528096329
22.2028723894446
22.5280136433347
22.8234760168314
23.1444037816185
23.3737788325588
23.747776248986
24.1361447098546
24.3810680122368
24.7477456053567
25.1662837258626
25.6983481234852
25.722449778516
25.7231146517615
25.7422297574743
